(462, 240) -> (0.296, 0.154)
(197, 230) -> (0.296, -0.146)
(330, 312) -> (0.150, -0.008)
(535, 303) -> (0.146, 0.150)
(123, 298) -> (0.135, -0.146)
(328, 239) -> (0.293, 0.000)
(1, 426) -> (-0.004, -0.146)
(639, 435) -> (0.004, 0.143)
(255, 188) -> (0.600, -0.150)
(402, 191) -> (0.596, 0.150)
(329, 208) -> (0.450, -0.004)
(424, 209) -> (0.446, 0.154)
(235, 205) -> (0.461, -0.146)
(329, 192) -> (0.596, 0.000)
(329, 181) -> (0.746, -0.004)
(377, 176) -> (0.904, 0.150)
(279, 172) -> (0.896, -0.150)
(389, 184) -> (0.746, 0.150)
(271, 180) -> (0.742, -0.146)
(28, 269) -> (0.143, -0.304)
(628, 284) -> (0.146, 0.311)
(557, 244) -> (0.296, 0.300)
(608, 241) -> (0.300, 0.450)
(501, 214) -> (0.431, 0.300)
(518, 199) -> (0.600, 0.450)
(468, 197) -> (0.596, 0.300)
(557, 217) -> (0.454, 0.446)
(205, 383) -> (0.075, -0.064)
(491, 401) -> (0.079, 0.060)
(414, 274) -> (0.217, 0.071)
(251, 271) -> (0.225, -0.082)
(397, 243) -> (0.300, 0.067)
(266, 239) -> (0.300, -0.075)
(279, 219) -> (0.386, -0.075)
(383, 223) -> (0.386, 0.071)
(370, 202) -> (0.514, 0.075)
(287, 199) -> (0.529, -0.071)
(364, 193) -> (0.593, 0.071)
(297, 192) -> (0.596, -0.079)
(47, 224) -> (0.296, -0.446)
(104, 232) -> (0.293, -0.296)
(60, 204) -> (0.450, -0.604)
(99, 204) -> (0.446, -0.446)
(138, 189) -> (0.600, -0.450)
(155, 203) -> (0.443, -0.300)
(189, 189) -> (0.600, -0.300)
(168, 181) -> (0.742, -0.450)
(189, 172) -> (0.896, -0.450)
(214, 179) -> (0.742, -0.304)
(464, 320) -> (0.150, 0.075)
(204, 307) -> (0.143, -0.079)
(107, 252) -> (0.214, -0.214)
(553, 263) -> (0.229, 0.229)
(326, 407) -> (0.075, 0.000)
(324, 451) -> (0.004, 0.008)
(504, 452) -> (0.004, 0.079)
(122, 450) -> (0.000, -0.075)
(326, 275) -> (0.225, -0.008)
(12, 321) -> (0.075, -0.236)
(637, 318) -> (0.105, 0.281)
(619, 262) -> (0.221, 0.390)
(551, 225) -> (0.368, 0.379)
(483, 226) -> (0.364, 0.229)
(458, 206) -> (0.514, 0.232)
(513, 208) -> (0.510, 0.386)
(496, 200) -> (0.600, 0.368)
(439, 195) -> (0.600, 0.217)
(593, 363) -> (0.079, 0.146)
(485, 262) -> (0.229, 0.154)
(168, 260) -> (0.214, -0.150)
(70, 351) -> (0.067, -0.150)
(36, 244) -> (0.217, -0.375)
(589, 303) -> (0.146, 0.217)
(74, 288) -> (0.143, -0.229)
(634, 364) -> (0.064, 0.206)
(583, 455) -> (0.008, 0.109)
(410, 457) -> (0.004, 0.041)
(230, 457) -> (0.004, -0.030)
(71, 416) -> (0.008, -0.113)
(149, 232) -> (0.300, -0.217)
(74, 231) -> (0.296, -0.375)
(66, 247) -> (0.221, -0.296)
(587, 260) -> (0.221, 0.311)
(521, 245) -> (0.296, 0.221)
(585, 244) -> (0.296, 0.375)
(109, 216) -> (0.375, -0.364)
(171, 219) -> (0.379, -0.225)
(144, 199) -> (0.510, -0.375)
(200, 199) -> (0.518, -0.240)
(166, 191) -> (0.604, -0.379)
(217, 190) -> (0.600, -0.232)
(445, 187) -> (0.742, 0.300)
(492, 191) -> (0.742, 0.454)
(470, 181) -> (0.896, 0.450)
(125, 416) -> (0.045, -0.098)
(270, 359) -> (0.116, -0.034)
(412, 365) -> (0.120, 0.026)
(385, 298) -> (0.184, 0.034)
(276, 294) -> (0.188, -0.049)
(222, 256) -> (0.259, -0.120)
(440, 260) -> (0.255, 0.113)
(568, 426) -> (0.041, 0.098)
(503, 279) -> (0.184, 0.150)
(568, 342) -> (0.109, 0.150)
(619, 400) -> (0.030, 0.154)
(182, 250) -> (0.251, -0.150)
(150, 275) -> (0.169, -0.150)
(95, 328) -> (0.101, -0.150)
(42, 383) -> (0.030, -0.146)
(236, 241) -> (0.300, -0.109)
(298, 244) -> (0.296, -0.034)
(370, 247) -> (0.300, 0.030)
(424, 243) -> (0.300, 0.109)
(328, 370) -> (0.116, -0.004)
(325, 435) -> (0.038, 0.004)
(225, 427) -> (0.041, -0.045)
(470, 429) -> (0.045, 0.056)
